356.17
380.37
356.17
158.35
356.17
128.91
356.17
430.86
430.86
359.10
359.10
126.06
320.12
199.68
126.06
356.17
430.86
320.12
430.86
195.14
356.17
204.58
430.86
320.12
325.56
430.86
356.17
120.65
195.14
430.86
195.14
430.86
325.56
195.14
128.91
128.91
430.86
128.91
179.06
430.86
204.58
325.56
128.91
320.12
320.12
204.58
430.86
179.06
320.12
234.20
325.56
366.87
234.20
430.86
158.35
356.17
430.86
195.14
204.58
325.56
320.12
120.65
364.51
359.10
430.86
120.65
464.07
325.56
430.86
430.86
364.51
204.58
126.06
356.17
120.65
359.10
158.35
356.17
430.86
204.58
120.65
117.24
117.24
380.37
204.58
430.86
195.14
366.87
359.10
364.51
325.56
179.06
359.10
464.07
325.56
204.58
356.17
430.86
120.65
325.56
764.24
1154.03
835.54
2000.19
1216.36
624.04
1279.31
1815.02
572.73
1618.13
1033.44
1300.19
1559.83
1459.34
1608.60
1635.50
1396.28
1033.44
1356.46
851.24
1837.25
1724.68
1031.34
1339.72
851.24
1639.12
837.36
572.73
781.97
1085.40
1585.02
1114.90
751.16
1060.47
1618.13
802.95
1168.72
1337.63
1832.34
916.02
402.81
1077.35
1235.69
905.79
765.13
1163.10
1842.10
1633.26
1067.81
1585.02
1060.47
1633.26
1090.35
1483.33
1539.77
1058.50
1202.46
1282.84
788.62
1033.44
1368.94
686.23
1487.93
799.12
1465.72
1468.46
981.72
198.42
1780.65
522.58
255.57
779.68
956.61
1444.13
1479.01
1468.46
1930.24
835.08
793.58
648.53
1587.21
418.17
628.40
1771.80
1012.00
866.05
845.35
1067.81
866.18
1483.33
1787.41
1288.31
678.74
384.77
464.68
1276.06
743.94
686.54
1203.93
448.34
1894.85
1510.91
1351.69
869.00
1535.30
1803.97
869.00
841.27
781.82
1780.07
1473.75
1389.11
1516.43
748.57
1419.88
1473.75
1228.94
1154.77
1222.41
1384.78
543.18
1164.20
1827.18
1624.87
1865.67
1183.16
1216.36
1737.86
1306.64
1491.90
616.24
1483.33
1152.99
1557.20
1116.62
1944.88
1060.47
1600.42
1587.21
1400.57
1029.87
1500.09
573.58
1364.54
1373.40
1785.47
2098.07
1718.79
1367.64
1785.47
860.32
897.78
1964.86
1510.91
644.69
1029.87
1477.12
1201.26
1384.78
1573.12
1354.00
1746.74
1703.20
779.08
1770.91
1671.23
1559.83
658.14
1216.36
1826.08
1847.84
1561.41
1483.33
711.07
972.95
807.48
1630.66
1166.93
1815.02
946.39
1903.76
795.80
1375.88
2063.98
1547.50
1222.41
1539.00
628.40
1661.61
1225.63
1996.18
1720.21
1925.32
1432.79
1201.26
1338.30
831.96
1844.58
1823.47
1711.55
1202.46
1394.38
1950.30
1171.54
1730.86
841.27
1384.78
1950.30
1492.08
1483.06
1865.67
1785.47
1235.69
1785.47
1483.06
905.79
650.68
1179.09
1468.46
1468.46
1780.07
972.95
1110.60
1847.84
1416.98
1663.58
1351.69
1364.54
1483.06
1120.10
972.95
897.78
1171.54
1996.18
1793.36
624.78
1029.87
570.71
640.56
1119.17
667.98
543.18
1608.60
1166.93
972.95
1048.28
1793.36
1022.81
1683.49
1339.72
1785.47
1277.26
1171.54
1339.72
869.00
1116.62
2098.07
2098.07
625.15
903.30
869.00
1384.78
1950.30
1785.47
543.18
1346.14
1663.58
1578.97
1060.47
1862.13
779.68
1384.78
2098.07
1815.02
1964.86
1573.12
2004.34
779.68
1084.79
1276.06
625.15
640.56
1950.30
779.68
1625.53
1119.17
1996.18
982.64
990.84
1384.78
671.06
640.56
848.42
1416.98
1353.87
1139.94
1559.83
1119.17
1119.17
1416.98
1030.13
676.38
800.30
990.84
990.84
402.81
564.16
1170.54
522.58
1243.10
671.06
1250.66
573.58
667.98
751.58
601.81
1139.94
852.02
1166.93
1203.93
1120.10
1005.67
282.89
848.89
1005.67
924.90
1487.93
788.53
225.12
1125.36
686.23
1171.54
1058.50
1090.31
862.61
1250.66
905.79
1077.12
225.12
1487.93
971.31
950.24
935.40
1154.77
464.68
1030.41
667.98
1058.50
935.38
903.30
788.62
742.25
929.16
741.46
1780.07
644.12
1120.10
1314.30
956.61
1185.24
1277.26
1193.72
1487.93
990.84
1699.90
956.61
1434.42
1683.49
1324.64
897.26
897.78
1235.69
1468.46
1231.67
1120.10
787.42
1683.49
1336.74
1696.86
847.33
935.40
751.16
946.39
883.11
1189.47
640.56
1827.44
1403.48
1110.00
1419.34
799.12
972.95
448.34
813.95
831.96
198.42
1165.44
1235.69
1189.47
1107.96
1166.93
960.47
500.92
793.58
1166.93
331.74
787.42
1170.54
1090.31
1060.47
1237.71
966.26
869.00
572.73
718.71
1077.12
711.07
1663.58
1249.66
956.61
1313.95
1284.51
1251.14
572.73
731.28
835.54
972.58
1215.96
785.59
835.08
869.00
1249.66
1243.10
516.69
837.36
1215.96
787.42
883.11
1606.63
625.15
1492.64
1216.36
1045.96
686.54
956.61
572.73
1165.44
1625.53
847.33
1292.93
1499.24
866.05
1202.69
1579.73
1688.90
464.68
384.77
850.57
1109.32
1553.21
437.40
1400.57
807.48
384.77
1682.62
303.20
564.16
666.59
845.35
1202.69
431.17
686.23
845.35
1618.13
1156.55
406.91
1682.62
384.77
1287.00
686.23
464.68
1295.14
624.04
601.81
873.97
1500.09
891.90
799.12
866.05
1185.24
1443.96
572.73
636.19
1145.33
695.66
1479.01
1400.57
1305.54
648.53
1553.21
1479.01
647.00
1452.17
1539.77
866.76
1682.62
807.48
616.24
845.35
1500.09
835.54
628.40
1492.02
1539.77
1515.54
682.22
866.05
1499.24
1579.73
538.36
1522.60
805.12
1779.92
593.83
950.24
1516.43
857.42
850.57
1618.13
1050.25
845.35
437.40
648.57
1561.63
647.00
844.90
1443.96
1539.77
801.73
1145.33
616.24
1295.14
751.58
845.35
799.12
1156.55
384.77
1281.64
1500.09
564.16
1809.91
1803.97
1925.32
1964.86
1465.90
1658.97
1950.30
1451.85
2073.13
1577.55
1412.13
1412.13
1662.92
1852.47
1827.18
1987.39
1398.94
1950.30
1826.08
1466.95
1737.86
1847.26
1328.85
1849.58
1328.85
2214.64
1871.76
1361.30
1690.82
1536.60
1737.86
1515.99
1412.13
2214.64
2014.72
1694.37
1398.94
1807.42
2239.35
1690.82
2000.19
1807.42
1403.60
1771.80
1765.79
1465.90
1897.37
1694.37
2248.12
1666.52
2024.20
2063.98
1361.30
1967.87
1387.17
1956.89
1971.23
2214.64
1536.60
2197.33
2214.64
1694.37
446.94
1995.87
1849.58
1857.04
1862.45
2063.98
1776.48
1398.94
1745.09
1871.76
1489.99
1852.47
2032.23
1666.52
1847.26
1745.09
1952.80
1536.60
1995.87
1809.91
2000.19
2239.35
1964.86
1809.91
2143.74
1780.58
1536.60
1361.30
1967.87
1807.42
2248.12
1847.26
1313.53
1765.79
2214.64
2073.13
1871.27
1432.79
1458.63
1716.13
568.17
1628.60
1608.55
1022.81
1119.17
658.14
1152.99
671.06
1745.09
1522.76
1815.02
1338.30
1577.55
1871.76
1787.41
1789.85
1828.37
1447.39
1443.02
2337.73
1624.01
1628.66
1288.31
418.17
1518.93
198.42
1490.51
1336.74
1662.88
1476.03
1865.67
1092.94
2030.76
1465.90
805.12
1671.23
1682.62
482.65
1465.90
2132.85
1516.68
913.29
1419.48
1793.52
1758.56
781.82
1572.91
1691.38
1705.90
1539.10
743.94
2162.03
1171.68
1033.44
1606.63
1945.95
1485.69
1843.97
1406.95
415.96
1050.25
710.25
1116.31
1593.24
1045.96
1833.27
1593.12
1017.64
785.59
1372.83
1353.87
225.12
1394.55
1701.23
1336.74
1711.55
935.38
1515.54
972.95
1201.26
1503.98
1921.68
866.18
1419.34
1229.87
1261.41
1171.54
1458.63
1745.09
1639.55
1090.31
1925.32
1317.33
1873.94
1475.40
1483.48
1444.13
1215.96
1356.46
1810.37
1745.09
1411.95
1943.24
1788.75
1439.17
2032.23
1603.60
1671.23
1107.96
1183.16
631.50
1600.42
2162.13
1237.71
1023.65
1800.86
1389.11
1465.90
781.82
1468.46
1720.21
676.38
1092.94
2159.33
544.12
1328.85
1419.48
1628.66
1110.00
1780.07
1228.94
1092.94
799.12
1638.66
1865.67
1461.33
1759.97
1635.50
1276.06
1282.80
1222.60
1628.66
748.57
1945.95
1727.10
1090.31
1045.96
1452.17
2015.18
1618.13
1797.14
2014.72
1337.63
546.04
1787.41
1045.96
1634.13
1376.59
1785.72
789.01
866.18
1642.15
1485.69
799.12
873.97
1682.08
1780.07
2132.85
1862.13
1872.44
448.34
1237.62
1745.18
1447.95
1806.06
1567.43
1755.18
1829.06
835.54
1475.40
2000.19
1422.12
1502.02
1568.41
788.62
1372.31
795.80
992.40
1897.37
1846.41
2132.85
1485.59
875.39
1525.26
1376.04
1575.87
1777.72
1628.66
2248.12
1590.82
1615.13
1465.72
751.16
1831.92
1649.42
1760.00
1839.05
1897.37
1612.43
1468.46
1528.91
1694.37
1478.31
1361.30
1447.95
1894.85
1778.65
788.53
866.05
1807.42
1465.90
1465.90
1777.72
1828.37
1545.67
647.00
1624.01
1639.55
1120.22
448.34
1139.94
1967.87
1980.99
1777.14
1865.67
1513.28
2097.69
1915.79
1624.87
1682.33
1419.48
1847.84
2024.20
877.17
1477.12
1387.17
1979.83
1905.50
1201.26
956.61
1827.18
1342.39
1465.72
1759.33
1282.80
1711.97
1777.72
1565.16
539.36
1624.87
198.42
1311.23
1439.17
1753.56
1476.48
1645.06
686.23
1612.43
1753.56
482.65
1590.82
1523.26
683.10
813.95
1568.41
1899.69
1435.34
1279.31
866.05
1058.50
1287.00
1682.10
1485.40
402.81
1817.77
1394.38
951.92
1961.96
1632.42
1050.25
1458.63
860.32
1276.06
1110.55
616.24
693.36
741.46
1701.23
150.34
813.95
1048.28
1760.00
1466.95
1688.90
1502.49
1715.29
850.57
1491.90
1443.02
415.96
568.17
1215.84
1586.22
1476.48
1461.33
1539.77
1557.27
1806.06
1638.66
1499.24
1434.42
877.17
1807.67
1649.49
780.15
1758.03
1449.26
780.15
1345.66
667.98
1785.47
1092.94
1231.67
1285.23
707.88
1346.14
1705.90
1434.42
1696.72
1522.60
1387.43
1499.68
1394.55
1758.56
544.12
905.79
1645.06
1476.48
935.40
780.15
631.81
1119.17
1292.93
1745.09
1930.24
1499.24
363.02
1558.12
962.14
1779.92
1696.72
1077.12
1559.59
1536.60
1785.47
198.42
1705.24
1496.46
1639.12
1395.65
1699.56
676.38
1710.53
2014.72
1917.57
1925.32
1666.52
1793.52
1633.26
1899.69
1455.37
956.61
1389.11
1454.05
1166.93
1787.41
1793.52
2162.03
1950.30
1377.35
1146.78
969.85
1479.01
1116.31
2098.07
1629.92
1607.34
1593.24
1600.42
1465.26
949.34
1960.67
1372.83
1921.09
1831.92
2007.62
1633.26
500.92
866.76
799.12
437.40
1171.68
1522.76
1921.68
406.91
1412.13
1662.92
1525.26
1410.58
1918.46
991.49
1696.72
1201.26
1633.26
1479.01
2248.12
1752.03
1785.53
359.10
1739.18
874.99
1311.23
1865.67
1673.70
835.54
1953.03
990.84
830.45
1485.05
616.24
1535.30
1525.26
1561.20
1897.87
1556.68
1625.46
1084.79
1222.60
1317.33
1295.14
1739.49
1827.44
1154.77
1338.30
935.38
1110.00
1775.03
1688.90
1925.32
647.00
1815.02
322.00
1943.24
1572.91
1201.26
482.65
1809.29
1067.81
956.61
2239.35
1515.99
1682.98
1215.84
1726.51
1691.68
1953.03
852.02
1952.80
1777.72
483.34
2248.12
866.07
1399.39
718.71
568.17
535.67
1997.52
1542.40
1682.62
788.53
866.05
1045.96
1090.35
1798.47
1513.28
1956.89
1894.85
1536.60
2024.20
1944.88
1516.68
1411.95
799.12
1190.16
1691.38
1276.06
1775.03
1865.67
1758.56
631.50
1476.48
1394.38
1699.94
1666.52
1682.08
1292.93
1809.91
835.54
1361.30
1642.15
780.15
1256.92
1518.93
1558.09
644.69
872.19
1492.64
1691.68
907.19
1472.53
1682.08
837.36
1846.41
1682.33
1745.09
1561.20
225.12
1017.64
1705.27
1778.65
1419.88
1649.49
631.81
1243.10
1628.60
1653.69
1590.82
1593.24
1435.96
1372.83
1556.68
1447.95
1450.67
1587.80
1753.84
1865.67
1557.20
1688.90
1203.93
1707.38
1285.20
949.34
2079.14
1375.88
1084.79
1549.82
2098.07
1500.28
1116.62
539.36
1629.92
897.78
703.45
1607.34
1419.34
1353.77
1674.09
1134.47
1718.79
835.08
1090.31
951.92
1865.67
1410.58
1789.85
718.30
1720.21
1593.24
924.65
1550.04
1505.19
1889.90
1276.06
1561.20
1193.72
1305.54
1485.59
1775.03
718.30
1467.52
1625.46
1586.21
1905.50
2248.12
1639.12
1396.28
1396.28
1338.30
1589.75
1721.56
1416.98
1628.60
1513.28
1897.87
1745.18
1443.02
1045.96
1658.97
1342.39
1943.24
962.14
1215.96
1231.67
1092.94
1745.09
990.84
1475.40
1394.55
1777.72
1847.08
593.83
1394.55
1777.14
1649.49
1806.06
1745.18
1472.53
683.10
1649.49
1412.13
917.79
1163.10
1759.33
2016.46
1950.30
1467.52
1871.76
1851.70
1499.24
1451.85
1630.47
2047.06
788.62
779.66
1846.41
1666.29
1119.17
482.65
1727.10
873.97
616.27
1584.73
1351.69
1699.56
1776.62
1885.87
1579.73
1649.49
990.84
1396.28
1483.33
1785.47
1273.45
1485.69
1467.52
1344.17
1202.69
1847.84
1432.79
1222.41
1593.24
1590.82
1705.24
1134.47
1449.26
631.81
1839.05
1628.66
1202.69
1889.90
1921.68
1970.01
1267.98
1317.33
1353.87
1434.71
2197.33
1171.54
1370.31
1455.37
1721.56
1371.86
1478.93
1987.44
1624.68
1662.88
631.81
966.87
1745.09
1295.14
1710.72
1447.39
1745.09
1273.45
1447.25
1373.40
835.54
1171.54
1492.64
1522.60
1995.87
1171.68
162.18
1663.58
1635.50
1996.18
1423.85
1528.91
1844.58
1780.07
1787.41
1119.17
1925.32
1682.33
1483.33
1900.18
1970.01
667.98
1434.42
303.94
1253.76
1603.60
1023.65
1503.98
1956.89
1406.95
1832.34
544.12
1092.94
1467.52
1110.55
1686.98
1208.82
1809.91
540.97
844.90
1826.08
779.68
1643.68
1371.86
1664.76
1561.41
1832.34
1372.83
1642.15
883.11
1456.34
1479.01
805.12
1467.52
802.95
1499.68
831.96
1701.23
1156.55
1171.68
2214.64
835.54
483.34
835.54
1120.10
1267.98
1345.66
913.29
1451.85
1476.03
703.45
1889.87
1593.24
573.58
1171.54
1485.69
800.30
644.69
1503.98
1865.67
978.13
255.57
1438.52
647.00
1336.74
1696.65
1468.19
1906.35
225.12
1203.93
1905.50
1730.86
568.17
1480.87
1780.07
1269.10
1399.39
669.85
1419.88
718.30
1503.98
788.62
1483.33
1560.78
1793.52
1832.34
1711.97
1729.08
1228.94
1702.81
1220.35
1716.13
805.12
1468.01
1012.00
639.73
1503.98
1411.95
1806.06
1317.33
1406.95
1454.47
1586.22
509.52
1577.01
1202.46
406.91
1719.37
1757.81
1525.26
935.38
446.94
1528.91
1792.31
695.66
897.78
1487.93
1956.89
1663.39
711.07
1549.54
1505.19
1796.70
1619.00
1361.30
1900.18
1249.66
639.73
1436.66
1710.98
426.22
1112.02
764.24
1228.94
1361.30
1629.92
1525.26
1561.41
1444.13
2016.46
1945.95
1553.21
1752.72
1577.01
650.68
1202.69
1699.56
845.35
972.95
1030.13
1579.73
1827.44
1483.33
625.15
1485.40
1461.33
1045.96
1659.50
1701.23
1231.67
1165.44
1483.77
1522.76
1809.29
1362.39
1894.85
1770.91
1862.13
1373.40
807.48
1206.95
1485.69
1889.90
1575.87
1265.57
1727.10
1727.10
1499.68
1490.51
1562.23
1682.10
1119.17
1525.26
1746.74
621.12
710.25
1406.95
695.66
715.19
1396.28
831.96
636.02
494.63
1116.31
2014.72
710.25
831.96
2124.16
913.29
1338.30
1467.52
1116.31
1661.61
805.12
1476.03
1545.67
1090.31
1505.19
1485.69
1556.78
1739.49
2013.21
1968.40
198.42
2337.73
1485.69
1313.53
949.04
1300.19
1276.06
1399.39
535.67
1494.81
913.29
2097.69
1807.42
1900.18
290.36
1747.22
1097.95
835.54
788.53
1408.25
1705.24
1490.96
1559.59
1662.88
290.36
713.71
1097.95
1633.26
1282.80
1110.00
2164.15
1485.40
1562.23
636.51
1542.40
1434.84
682.22
1793.52
1045.96
1465.26
711.07
1166.93
1745.18
1434.42
1344.18
1918.46
1569.37
1705.90
1311.23
1500.09
1606.76
1776.62
1682.62
1682.33
1185.24
538.36
1438.52
1309.85
1823.47
639.73
718.30
162.18
516.69
1691.38
731.28
1749.93
880.41
1742.34
2132.85
650.68
1505.19
1690.82
1785.47
1624.11
1485.69
1615.13
1451.85
2030.76
1033.44
1403.60
1203.93
866.05
1603.89
282.89
1785.72
781.82
1889.87
1740.85
1916.37
1729.08
1492.64
1671.23
1485.40
1362.39
1810.37
1134.47
924.65
546.04
1561.41
1090.31
1367.64
1235.69
1220.35
2162.03
1450.67
1746.74
1518.93
1225.63
1619.00
1979.83
1918.46
150.34
788.62
1109.32
1337.63
1519.98
1847.08
1642.15
1416.98
1338.30
1682.33
1682.33
1701.23
1699.56
1222.41
802.95
1399.39
1215.96
1649.49
1400.57
1690.82
500.92
1231.67
781.97
1500.09
1593.24
1192.88
686.54
1376.59
2004.34
1220.35
1373.40
1045.96
1556.78
1568.41
1149.07
788.53
1623.73
1849.58
1110.00
1593.24
1593.12
1539.47
1588.80
1752.03
1674.09
1561.41
1215.84
1623.73
1216.36
748.57
718.30
947.72
1915.79
616.24
1788.75
2004.34
1745.09
1638.66
962.14
913.29
1716.13
1317.33
1593.24
650.68
1718.79
511.23
1444.13
1535.30
1412.13
779.68
1499.68
1810.37
1237.62
1945.95
1761.94
1502.02
1556.70
1419.48
1847.08
1682.62
1606.63
1872.81
1608.55
1710.98
1549.54
1435.34
1277.26
1980.99
1434.84
1630.66
844.90
1394.38
1873.94
1705.24
1302.97
1110.55
972.95
1435.34
866.18
625.15
982.64
1632.61
1857.04
1216.36
1459.63
1695.08
1857.04
1996.18
1208.82
2162.03
1060.47
1134.47
956.61
1743.85
751.16
1144.41
1438.52
1092.94
1897.37
1916.37
1485.69
962.14
1421.07
1450.67
1201.26
1152.04
1831.92
1447.39
1189.47
1787.41
1550.55
1483.58
1683.49
204.58
738.92
1840.75
1682.33
962.14
1060.47
1522.76
1030.13
594.93
1192.88
1467.52
1847.08
1944.62
1906.35
1568.41
1505.19
1060.47
1698.94
1916.37
1372.83
1661.61
1797.14
704.94
1500.09
1516.43
1606.63
1421.36
1387.43
927.98
1356.46
1410.58
1225.63
1559.59
2032.23
2073.13
800.18
1549.82
1368.94
1459.34
2080.00
1686.98
738.92
710.25
1516.68
1630.66
1590.82
1805.77
1550.04
1144.41
1485.40
1643.68
1674.09
650.68
1608.60
1580.95
1798.47
1456.34
1419.48
1682.62
1666.18
1373.40
1377.35
1256.92
1119.17
1364.54
1779.12
1779.08
1237.07
1344.18
594.93
1612.43
1559.59
1522.76
482.65
993.55
1510.91
1661.61
1705.90
802.95
1619.00
2016.46
835.54
1780.58
795.80
162.18
1045.96
1547.50
1862.45
1776.48
1365.73
648.53
568.17
1539.77
1625.53
1742.34
715.19
785.59
1311.23
1273.45
1573.12
1499.68
807.48
1485.69
1980.99
1475.40
866.76
1528.91
1339.72
1745.09
1699.56
1183.74
897.78
198.42
631.81
1645.06
850.57
1306.64
1589.65
848.89
1215.96
1292.77
1625.53
1787.57
1666.52
1434.42
535.67
866.18
1703.02
669.85
848.42
1870.43
1353.87
1556.78
158.35
1309.85
1760.00
1364.54
1590.82
726.14
1467.52
570.71
1467.52
1276.06
1918.89
1792.31
1180.63
1535.30
848.89
1030.13
1560.78
1547.50
1468.01
1476.03
1395.65
1777.72
866.18
1724.42
1371.86
2098.07
946.39
1746.74
1134.47
1753.56
1372.83
852.02
1847.26
1724.42
1915.79
546.04
1607.34
1906.35
2014.72
1400.57
1846.41
1394.55
1796.70
1871.27
1557.27
1944.89
1575.52
1452.17
813.95
1645.06
1649.04
406.91
1269.10
1599.27
1917.57
1593.24
1494.81
1060.47
1048.28
1889.87
1201.26
1612.43
1202.46
807.48
1777.72
1559.59
1593.24
1338.30
1314.30
568.17
564.16
1980.99
1797.14
1785.47
1550.04
2072.18
1338.30
1847.84
1376.59
1451.85
1666.52
1561.20
1154.03
1619.00
1152.99
962.14
1492.02
1171.54
1125.36
715.19
2000.19
1779.92
1664.76
1403.48
1846.41
1490.96
1387.17
841.27
1628.66
1699.94
363.02
1889.71
1277.26
1116.62
1535.30
1267.98
1889.90
1718.79
1267.98
1653.69
1237.62
1777.14
457.49
198.42
1201.26
1465.72
1635.50
1248.46
1649.49
1645.06
1238.04
1968.40
648.53
866.18
1729.08
499.26
482.65
1145.33
1662.92
1468.46
1705.90
1851.70
1666.18
1192.88
1842.24
2032.23
1292.93
1792.31
962.14
1603.89
1465.90
1638.66
640.56
1758.03
1676.48
1545.67
1473.75
1144.41
1395.03
1553.21
1664.83
1154.77
1443.96
2072.18
1394.38
1154.03
482.65
1567.43
1302.97
1765.67
1608.55
1630.47
1483.48
1565.16
1682.33
1503.98
869.00
1531.20
1663.58
1339.93
1438.52
1885.87
917.79
1785.47
1815.02
1550.55
482.65
1228.94
802.95
631.50
1171.54
831.96
1718.76
1515.99
1791.69
1788.75
1803.97
1777.72
1637.65
1190.16
781.97
1485.69
1443.96
1395.03
1479.01
1964.86
1639.12
1906.35
1434.42
844.90
1817.77
1251.14
1483.48
866.07
1225.63
2090.54
905.79
1558.09
1336.74
1823.47
1847.84
1483.06
636.02
631.81
981.72
1995.87
1639.12
1988.56
1238.04
1110.55
852.02
1237.62
726.14
969.85
1839.05
1022.81
802.95
221.23
1387.43
494.63
1833.27
1785.72
1167.78
731.28
636.02
831.96
1559.83
1485.69
1394.38
363.02
1367.64
1467.52
616.24
1483.77
916.02
966.26
1235.69
1840.75
869.00
162.18
1461.33
1567.43
1220.35
1787.41
1699.94
1629.92
1823.47
1807.33
1295.34
880.41
779.68
1796.98
1429.72
1559.59
609.73
1606.63
2214.64
1915.79
1388.05
1758.03
1871.76
1277.26
1372.83
1468.46
801.73
1624.01
1295.14
1714.80
1810.37
1523.26
1518.93
844.90
1476.03
804.96
1022.81
150.34
1921.09
1918.46
1663.58
780.15
1492.64
1852.47
1849.58
1459.34
1271.52
1494.23
402.81
1755.05
1686.98
990.84
1817.77
1557.20
1606.76
1699.90
1435.34
600.23
664.43
1443.02
1643.96
669.85
1276.06
1373.40
1654.62
879.65
1475.40
1518.93
1749.31
1691.68
544.12
1846.41
1654.62
1485.69
913.29
1171.68
1377.35
907.19
1410.58
1344.71
1575.87
1673.70
1745.09
781.82
639.73
960.47
1718.79
1643.96
1376.59
1960.92
771.83
1653.69
657.80
1797.14
1707.38
1880.76
1235.69
1198.24
951.92
1215.96
1256.92
1555.48
570.99
1705.24
1945.95
415.96
1139.94
1465.90
1889.87
1447.39
1523.26
1673.70
1638.66
1459.34
1490.51
1776.48
956.61
509.52
1720.21
1691.68
1628.66
2004.34
1862.45
1450.67
1152.04
1600.10
1745.09
781.82
589.11
857.42
669.85
1701.23
1519.98
1586.22
1705.27
1881.36
1664.83
1434.42
1664.76
972.95
1615.13
1502.02
1770.91
1543.17
844.90
835.54
1338.30
1434.71
1575.87
570.71
1995.87
1491.90
1642.15
1081.05
540.97
802.95
1628.66
535.67
1842.24
1522.76
1988.56
1519.98
1243.10
1696.72
1523.26
1873.94
459.21
1752.18
780.15
1311.23
1979.83
781.82
1090.31
1899.69
1943.24
1438.52
1637.65
1435.34
990.84
2024.20
738.92
1149.07
1606.63
1077.12
905.79
457.49
1480.87
1815.02
459.21
669.85
572.73
1875.72
1971.23
1729.08
1634.04
1883.49
1718.79
1215.84
1915.79
1615.13
1777.72
1170.54
609.73
1699.90
1411.95
1536.60
446.94
1030.41
847.33
1522.76
1476.48
1743.85
905.79
1611.66
788.62
1894.85
1189.47
852.02
2132.85
1120.10
1695.08
1455.85
2162.13
1705.27
1081.05
418.17
2000.39
1979.83
1490.51
1450.67
1438.52
1952.80
1251.14
793.58
1633.26
1499.68
1535.30
907.19
1185.24
869.00
1798.47
1300.19
2132.85
1276.06
2000.19
1632.61
616.24
1092.94
1338.30
1858.36
1549.54
895.14
1149.07
1452.17
1696.72
1438.52
1522.76
544.12
1260.96
1354.00
1030.41
1776.48
1872.44
1593.24
631.81
1720.21
1432.79
667.98
1235.69
1740.85
1349.04
1758.56
1506.38
1847.08
1899.69
949.04
1228.94
1653.69
1168.72
1490.51
897.26
1755.05
1216.36
1739.18
667.98
929.16
1565.16
1365.21
1110.60
703.45
1450.67
1979.83
1659.50
1406.95
1618.13
1619.00
1846.41
1384.78
1718.79
1483.06
905.79
1282.80
667.98
1461.33
1430.04
962.14
1639.12
1925.32
1798.38
1630.47
1823.47
693.36
1545.67
1489.99
686.54
1494.23
1152.04
2072.18
969.85
1699.90
1755.18
1705.27
1483.33
1455.37
1696.72
564.16
418.17
715.19
1629.92
774.64
1987.44
1722.49
1412.13
1588.80
570.71
947.72
225.12
1090.31
1421.36
1658.97
1439.17
1288.31
1125.36
2143.74
1584.73
1198.24
847.33
1276.06
1587.21
1375.88
1499.68
751.16
1134.47
522.58
1237.71
1116.31
1168.72
1806.06
1745.18
1758.03
1435.34
1778.65
1889.87
1336.74
1398.94
2050.62
2079.14
1403.48
1593.24
1873.94
494.63
1539.00
1606.76
731.28
1522.45
1170.54
1732.20
1642.15
1163.10
1913.87
1269.10
636.02
1833.27
866.07
1558.09
1237.07
850.57
1624.01
1146.78
1338.30
2024.20
1292.93
1229.87
1950.30
1368.94
1406.95
1819.41
1208.82
1400.57
1807.67
1847.08
1031.34
1686.98
1970.01
1483.77
1251.14
1755.18
1116.31
1502.02
1185.24
1545.67
1676.48
1550.55
971.31
1300.19
402.81
669.85
738.92
1485.40
1472.53
1967.87
1701.23
1878.06
1615.13
1623.81
897.26
664.43
1827.44
1847.08
1208.82
1421.36
1930.24
1642.15
1256.92
1449.26
640.56
1590.82
544.12
1745.09
1703.02
1249.66
1060.47
781.82
1844.58
1361.08
1344.71
1967.87
1528.91
1156.55
1705.24
1467.52
993.55
1771.80
1823.47
1625.46
962.14
1642.15
1921.68
2032.23
1745.09
1516.68
639.73
1611.66
1344.71
2050.62
1060.47
1412.13
1373.40
1862.13
1543.17
1561.41
1758.56
1510.91
1364.54
1800.86
1691.38
1746.74
1587.80
1473.75
1419.34
1536.60
1632.42
1373.40
1459.34
1682.33
1843.97
971.31
1077.35
1800.86
1633.26
1792.88
1715.29
1435.34
1045.96
1339.93
535.67
1485.40
1745.09
1777.72
1889.71
2050.62
1510.91
1436.66
1435.96
1438.41
1873.94
2079.14
1311.23
1116.62
1608.55
2063.98
1788.75
2098.07
1666.52
1490.51
1603.60
1550.55
535.67
1154.03
1851.70
1485.69
1465.90
1590.82
1410.58
1502.49
225.12
1664.83
1491.90
1851.70
2047.06
1930.24
631.50
1435.34
1436.66
1465.26
1770.37
1243.10
1662.92
1956.89
1367.64
1945.95
1403.60
1833.27
718.30
807.48
1696.72
1277.26
1406.95
648.53
1755.05
1368.94
804.96
788.53
1394.55
1410.58
1435.34
1253.76
1344.71
1264.53
1451.85
1392.10
221.23
1575.87
1300.19
1522.76
1870.43
1871.76
2080.00
897.78
1142.89
981.72
1243.10
1870.43
950.24
1640.78
1429.72
1145.33
2214.64
1666.18
1758.56
1807.33
1826.93
1628.60
1967.87
1429.72
1945.95
1523.26
1988.56
1142.89
1513.04
1490.51
1628.60
1456.34
682.22
1374.90
1803.97
2214.64
676.38
1396.28
511.23
1788.75
1759.97
1458.63
1110.55
1710.98
667.98
1416.98
771.83
1624.01
1228.94
624.04
1673.70
1615.13
2072.18
1696.72
1561.41
509.52
1846.41
857.42
1711.97
1902.37
1344.71
1629.92
1023.65
718.71
1780.07
1120.10
1682.08
771.83
1810.37
1789.85
669.85
1871.76
1788.75
1267.98
1593.12
628.40
1423.86
2214.64
1753.56
1682.62
972.95
1518.93
1870.43
1092.94
1653.69
1295.14
1663.39
1807.33
1714.80
1944.88
1116.31
546.04
1823.47
1477.12
1387.17
1745.09
835.54
1619.00
1633.26
1777.72
1603.60
1732.12
1664.76
1448.72
1560.78
703.45
1573.12
1249.66
1220.35
1673.70
1682.33
1852.47
1615.13
2098.07
2079.14
631.50
1615.13
1997.52
1817.77
2024.20
1980.99
1916.37
835.54
1090.35
1419.34
1048.28
2014.72
1921.18
1931.21
1396.28
866.07
1370.31
1331.53
1718.79
1125.36
1005.67
1952.80
1615.13
1718.79
1945.95
1739.18
850.57
1412.13
718.71
1163.10
1631.49
671.06
1485.05
1392.10
726.14
1306.64
1023.65
771.83
1699.90
1673.70
1300.19
1827.44
1632.42
255.57
1787.41
1829.06
841.27
624.78
448.34
631.50
1416.33
1649.42
715.19
1438.41
1455.85
1476.48
1753.84
1237.62
1930.24
788.62
1603.60
1412.13
1400.57
1468.46
1349.04
741.46
1682.33
1171.68
1608.60
1419.34
1516.58
1961.96
1437.95
802.96
1624.68
647.00
1579.73
667.85
1755.05
1110.00
1600.42
726.14
764.64
1615.13
857.42
845.35
703.45
1785.47
830.45
837.80
1805.77
1292.93
2279.82
1271.52
1705.90
1228.94
1434.71
666.59
2015.18
2162.03
1475.40
848.42
847.33
1243.10
1606.63
781.82
1837.11
1827.44
1556.78
446.94
743.94
1267.98
1753.56
1587.80
1943.24
1658.97
1989.13
1502.02
1686.98
1038.42
1468.19
616.24
1587.80
1453.25
303.94
494.63
1710.72
1696.65
1711.97
1063.46
1500.09
1260.96
616.24
1792.88
1989.13
1125.36
1510.91
1711.97
128.91
1690.82
764.24
1917.57
718.30
589.11
1215.96
1950.30
1579.73
1416.33
1434.71
1561.41
1501.10
1432.79
1116.31
1250.66
1833.56
1702.81
718.30
1696.72
1699.90
1400.57
972.95
1525.26
1045.96
1690.82
1600.42
902.09
1510.91
1412.13
1317.33
564.16
1871.76
1964.86
1549.82
359.10
848.42
1666.29
1952.80
1603.89
1849.58
1740.85
676.38
1362.39
1649.42
2032.23
1116.62
1109.32
1710.53
1931.21
1466.31
1832.34
1522.76
1718.79
1612.43
1865.67
1846.41
947.72
1847.26
1395.03
897.78
1745.09
1516.43
1791.96
1539.10
1643.68
1737.86
1451.85
1696.72
225.12
1683.49
1635.50
962.14
1956.89
1395.03
1539.77
1406.95
1785.47
835.54
648.53
1573.12
1665.23
1755.05
1222.60
1691.68
1284.51
1889.90
1271.52
877.17
1302.97
1559.83
1800.86
1844.58
1492.64
880.41
1107.96
1317.33
446.94
737.28
1798.38
1237.71
1403.60
1171.68
2000.19
1119.17
1634.04
1881.36
616.27
1492.02
1610.25
1276.06
1472.53
1586.22
1828.37
1360.76
1356.46
1549.82
1443.02
1485.69
1642.15
2164.15
1889.71
1257.31
1113.16
1745.18
1661.61
1443.02
1490.51
949.34
1730.86
1557.27
1561.41
1794.57
1945.95
946.39
1461.33
1558.12
1649.42
406.91
2214.64
704.94
1659.50
1432.79
2239.35
780.15
546.04
1231.67
1483.77
1312.16
1438.41
1443.96
1742.34
1796.98
1480.87
1528.91
1468.19
1421.36
1618.13
686.54
1435.34
1171.54
1365.21
1921.18
774.64
1459.63
1317.33
1827.44
1447.25
1455.85
1522.76
1956.89
636.51
1682.98
1435.96
1683.49
1558.12
1502.49
960.47
1943.24
1691.38
1406.95
1237.07
1145.33
1478.93
1119.17
1231.67
1605.84
788.53
1589.75
1593.24
1366.61
1485.69
303.94
678.74
1721.56
1476.03
799.12
1243.10
1776.62
1510.91
1586.22
650.68
1273.45
1033.44
1168.72
1368.94
574.10
494.63
1964.86
880.41
1682.33
1584.73
1443.02
1771.80
1590.82
1857.04
1632.10
1344.71
1164.20
1265.57
1875.72
1682.33
852.02
676.38
574.10
616.24
1945.95
1536.60
1704.06
799.12
499.26
848.89
1454.47
1618.13
1516.68
2014.72
1793.36
1676.79
1435.34
1810.37
1663.58
1237.62
1610.25
1494.81
1662.88
1797.14
1455.85
1344.71
1823.47
494.63
1950.30
1624.87
1394.38
1791.69
1192.88
1710.98
1031.34
1881.36
847.33
802.95
669.85
799.12
1564.90
835.08
1346.14
1473.75
1119.17
1588.80
1807.42
1639.12
482.65
636.02
1423.85
1847.26
589.11
857.42
1373.40
1915.79
1209.08
2024.20
1371.86
1547.50
1222.60
1399.39
1336.74
805.12
992.40
225.12
1499.68
795.80
1306.91
1472.53
1506.38
2073.13
1097.95
1921.68
2015.18
949.04
1837.25
1624.87
1192.88
494.63
830.07
1485.69
1979.83
1671.23
459.21
1745.09
2197.33
1745.18
1149.07
695.66
1449.26
1628.60
1915.79
1465.90
1745.09
1419.88
835.54
1394.55
1732.20
1549.54
1815.02
1913.87
564.16
1518.93
1443.02
1434.84
1590.82
1376.59
1659.50
1827.44
935.40
1703.20
693.36
1643.68
1771.80
1977.89
1505.19
1839.05
1362.39
631.50
538.36
1531.20
1421.07
290.36
1110.55
1473.75
1758.56
1580.95
1699.56
1403.60
969.85
1144.41
1134.47
1559.59
1292.93
1638.66
847.33
1229.87
1518.93
1215.84
1794.57
1455.37
1090.35
1699.94
2015.18
741.46
1600.10
1475.40
1881.36
1800.86
1324.64
631.81
1729.08
1628.66
1897.87
1661.61
1060.47
1193.72
1663.39
1480.87
1794.57
1443.02
1458.63
1353.77
1468.46
1536.60
437.40
1090.35
780.15
1847.26
1313.95
1695.08
1372.83
866.18
1580.95
1406.95
1760.00
978.13
1718.79
1839.47
1371.86
2097.69
1331.53
1624.11
850.57
1584.73
1267.98
866.05
1467.52
917.79
799.12
686.23
1752.03
1154.03
1311.23
1718.79
1917.57
1663.58
1520.73
1930.24
1473.75
1282.80
1745.18
1119.17
1483.33
1803.97
1377.35
1510.57
1797.14
1060.47
1344.71
1918.46
1485.69
2214.64
1779.08
1956.89
1698.94
1889.71
1235.69
1485.69
1862.13
788.53
676.38
570.99
1885.87
1785.72
1970.01
1447.95
1739.49
255.57
1490.96
1429.72
290.36
1373.40
539.36
704.94
1889.71
1578.97
1133.45
1144.41
1164.20
1833.27
1171.54
199.68
1120.10
1222.41
1276.06
1705.90
1633.26
848.42
2013.21
1477.12
2032.23
1915.79
1506.38
1699.90
978.13
1584.73
1719.37
664.43
363.02
1260.96
1746.74
1664.76
779.08
1871.27
1208.82
693.36
1857.04
1564.90
1809.29
459.21
1746.74
1584.73
1203.93
1412.13
1282.80
1550.55
1872.44
1292.93
695.66
1944.89
1987.39
1746.74
1699.90
1797.14
1237.07
1167.78
1593.12
1638.66
1662.92
1628.66
2132.85
1765.67
1058.50
1220.35
1081.05
1485.59
1640.78
1643.96
2072.18
873.97
1398.94
1837.11
1085.40
802.95
1250.66
1964.86
1455.37
1394.38
175.53
1758.03
1485.69
1344.71
1423.86
1395.03
1673.70
990.84
1915.79
1030.41
1265.57
1287.00
1288.31
1251.14
1201.26
924.90
1502.02
2143.74
1849.58
1899.69
1968.40
1661.61
1703.02
1152.04
1373.40
1387.17
1682.62
1980.99
1499.24
1776.48
1663.39
1518.93
1500.09
1952.80
779.66
255.57
1557.27
1793.52
1516.68
788.53
1235.69
1116.62
1515.99
1603.60
917.79
1485.40
1625.53
1968.40
664.43
949.34
1313.53
1435.96
667.98
1737.86
564.16
402.81
1170.54
1373.40
1558.09
1749.31
535.67
1419.34
1711.55
950.24
1568.41
1807.67
683.10
1336.74
1372.83
2050.62
1273.45
1921.18
1930.24
852.02
1944.89
1894.85
1776.62
2162.03
1235.69
1776.48
1502.49
1897.37
686.23
1459.34
464.68
693.36
1568.41
1745.09
1202.69
1745.09
664.43
799.12
1971.23
969.85
1987.39
1630.66
1518.93
1408.25
1257.31
1193.72
594.93
1710.53
1295.14
1435.96
1119.17
1661.61
1250.66
1666.18
1287.00
949.04
1883.49
1705.24
1222.41
866.18
1085.40
2013.21
862.61
779.08
1800.86
1166.93
1785.47
616.24
1475.40
1394.38
2132.85
1499.68
1394.55
1022.81
1690.82
1879.09
1662.88
1944.89
1847.26
640.56
1915.79
1889.87
1435.34
1703.20
1611.66
1988.56
1344.18
1435.34
1501.10
1564.90
1749.93
1339.93
1166.93
845.35
1288.31
1796.70
1050.25
1237.07
1671.23
883.11
1661.61
640.56
609.73
1642.15
1349.04
1282.80
1827.44
1643.68
956.61
1171.54
1485.05
1476.48
1561.20
1623.81
1013.78
1688.90
572.73
1844.58
1785.47
1312.16
990.84
2072.18
1317.33
1394.38
1809.83
1220.35
1979.83
1282.80
1314.30
1168.72
1653.69
1295.14
457.49
1746.74
1837.25
1215.96
1577.55
1480.87
1467.52
1149.07
1451.85
1216.36
1883.21
1792.31
1726.51
1412.13
1639.55
1547.50
1109.32
1839.05
883.11
1419.88
971.31
1222.60
1092.94
2000.42
1398.75
1394.55
711.07
664.43
1110.55
1807.42
1740.85
1114.90
1479.01
1377.35
1349.04
1710.98
1770.91
2047.06
1682.08
573.58
1134.47
1787.41
1587.21
1518.93
1222.60
1921.68
1780.58
1033.44
1171.54
1852.47
972.95
1561.41
1785.53
1719.37
1466.95
1237.62
1827.44
1711.97
771.83
1557.94
666.59
1324.64
494.63
1578.97
1568.41
1950.30
616.24
1302.97
1580.95
1513.28
1522.76
601.81
1443.02
875.39
1513.04
1593.24
1403.60
1430.04
2239.35
1629.92
1376.59
1787.41
1643.96
594.93
1806.06
1134.47
1023.65
1193.72
1950.30
1451.85
1373.40
703.45
1696.72
1643.68
847.33
1077.12
848.89
1624.68
648.53
1573.12
860.32
1107.96
1477.12
1477.12
1146.78
860.32
2000.39
1288.31
1416.33
1964.86
1873.94
1862.13
860.32
1235.69
1555.48
1506.38
546.04
951.92
780.15
648.57
1780.58
1243.10
1109.32
1499.68
1235.69
446.94
1473.75
568.17
1449.26
1292.77
897.78
1225.63
1202.69
1643.68
431.17
1608.55
1339.93
1682.62
978.13
1403.48
1776.48
924.65
669.85
1843.97
1309.85
1671.23
1553.21
1682.98
1793.52
1612.43
1485.05
1203.93
2098.07
1154.77
1328.85
448.34
805.12
1549.54
1231.67
1872.44
1250.66
1198.24
1747.22
780.15
1603.89
682.22
1277.26
1344.71
1284.51
1478.11
564.16
1643.96
1448.72
1653.69
1587.21
1732.46
1711.55
1548.87
1302.97
1376.59
415.96
1367.64
676.38
1682.10
1142.89
1918.89
1349.04
1724.42
1502.49
483.34
917.79
2214.64
1718.76
1815.02
1119.17
1980.99
1360.76
2073.13
1839.05
1483.48
1659.50
1878.06
1695.08
779.08
1705.24
1171.68
1372.31
482.65
1295.14
1842.24
1465.26
1624.58
1515.99
1634.04
1535.30
883.11
1518.93
1760.00
570.99
1373.40
1561.41
1629.92
1518.93
901.36
1202.69
710.25
805.12
631.81
1752.72
1372.83
2014.72
1503.98
1237.07
1525.26
1745.18
446.94
764.24
1787.41
648.53
828.16
869.00
1485.69
1084.79
1438.41
1097.95
1198.24
1387.17
1686.98
1643.68
1510.57
631.81
1809.91
1862.45
1295.34
1829.06
1237.07
1585.02
1787.57
1410.58
1444.13
1371.86
1030.13
1865.67
1300.19
1179.09
686.54
1455.37
1603.60
1897.37
1608.55
448.34
1883.49
1950.30
1467.52
1765.67
1844.58
1630.47
779.66
990.84
482.65
972.95
1785.47
1944.88
1642.15
1944.88
574.10
1235.69
648.53
290.36
1045.96
1110.55
1625.46
848.42
992.40
1793.52
1699.56
1478.11
1559.83
1434.84
1823.47
2050.62
813.95
1243.10
1501.24
1827.44
1287.00
1663.58
1793.52
1338.30
1060.47
1459.63
1300.19
802.95
1238.04
1193.72
1225.63
1593.24
1110.55
1256.92
1045.96
1587.80
1792.31
1729.08
1462.01
1618.13
1339.93
1152.04
1755.05
1623.81
1840.75
1549.54
1827.18
1421.36
966.26
1048.28
1249.66
1165.44
1759.97
917.79
1276.06
1144.41
406.36
1950.30
1797.14
799.12
738.01
1362.39
1847.84
1789.85
1828.37
1634.04
1608.55
1110.60
1171.68
935.40
1691.68
1916.37
1045.96
1478.11
1503.98
1202.69
1411.95
384.77
1611.66
1753.84
448.34
903.30
949.34
1250.66
789.01
628.40
799.12
1215.84
1809.83
1328.85
2073.13
1765.67
1465.90
788.53
788.53
1520.73
2119.83
1317.33
1183.16
1696.72
1780.07
1737.86
1336.74
866.05
2214.64
446.94
1222.41
1643.68
1515.54
564.16
1587.21
1793.52
2007.62
1659.50
1116.62
500.92
1662.92
1235.69
779.66
1585.02
1485.69
1368.94
1485.69
1419.48
779.68
636.19
1235.69
1780.65
683.10
509.52
570.99
1792.88
1607.34
1351.69
1796.70
1663.39
2016.46
1851.70
1395.03
1468.01
1710.98
1628.66
860.32
1483.48
1203.93
794.70
1778.65
1558.09
1336.74
1556.78
658.14
1714.80
1806.06
1815.02
2050.62
1116.31
1419.88
1659.50
1412.13
1776.62
1251.14
431.17
949.04
1437.95
718.30
1625.53
1742.34
1516.58
949.04
1483.58
1216.36
1656.28
949.34
1410.58
1902.37
640.56
1666.18
1455.85
1943.24
1682.33
1476.48
1189.47
1449.26
1371.86
1794.57
1798.47
1237.71
1699.90
1406.95
1419.34
1952.80
1435.34
845.35
1472.53
1483.06
1478.31
686.23
1005.67
1798.38
1203.93
303.94
1745.18
830.07
1640.78
1110.55
1780.07
1852.24
1815.02
1485.69
1567.43
1897.37
935.40
1840.75
1421.07
1945.95
1606.63
1164.20
1718.79
1964.86
1468.01
1787.41
1839.47
1476.48
1166.93
1698.94
1331.53
807.48
1682.08
1832.34
1780.07
1849.58
1839.05
1793.52
539.36
1715.29
2007.62
1396.28
1944.62
1623.81
1817.77
1525.26
1395.03
718.30
1796.70
1828.37
1643.96
1536.60
648.53
624.78
1394.55
1406.95
1222.60
874.99
1690.82
1468.46
1906.35
1516.68
1522.76
1775.03
1483.33
573.58
1776.62
1682.08
1419.34
1189.47
666.59
1793.52
1492.08
1116.31
1114.90
1447.39
1673.70
1154.03
1642.15
2015.18
1763.16
1902.37
1817.77
1805.77
624.78
1256.92
883.11
1873.94
1705.27
1628.66
1718.79
1459.34
2030.76
1987.44
1674.09
1589.75
2032.23
1777.72
2214.64
1192.88
644.69
1539.77
406.36
1416.98
1480.87
905.79
1434.42
1665.23
1852.47
935.40
415.96
738.01
950.24
1561.20
1506.38
1793.52
1539.77
1394.55
869.00
779.08
731.28
710.25
1349.04
880.41
1705.24
903.30
1376.59
962.14
1840.75
1374.91
1745.18
1809.29
1690.82
1492.02
2279.82
830.07
1569.37
1894.85
1171.54
1306.64
1777.72
1682.98
631.50
1500.28
1718.71
1238.04
1758.56
1788.75
907.19
1590.82
664.43
1516.43
1785.53
1568.41
1435.34
1421.36
1950.30
800.18
426.22
1666.18
1045.96
1139.94
1090.31
799.12
1710.98
788.62
1696.72
1847.08
866.76
830.45
1483.77
1535.30
1827.44
564.16
1889.71
1491.90
799.12
831.96
844.90
1485.69
1284.51
966.26
1553.21
255.57
1539.47
647.00
897.78
1593.12
1228.94
2248.12
1561.41
1505.19
883.11
1785.53
788.62
1518.93
625.15
1610.25
1476.03
1862.13
1120.22
1510.91
1282.80
1840.75
1639.12
1755.05
1770.37
852.02
1788.75
1373.40
1547.50
1649.49
1588.80
1979.83
1510.57
1168.72
1235.69
1871.76
1630.47
1780.58
1718.79
897.78
1485.59
1673.70
1568.41
1050.05
982.64
830.45
1443.96
2214.64
949.04
1603.89
1608.55
1666.29
158.35
1979.83
621.12
1807.67
804.96
1134.47
624.78
857.42
1809.91
1996.18
686.23
1889.90
1201.26
683.10
1292.93
676.38
431.17
2097.69
1807.67
1237.62
1833.27
1171.54
1353.87
1412.13
1220.35
648.53
1249.66
1387.43
459.21
1149.07
1666.29
1705.90
1632.42
1625.53
1447.39
1167.78
546.04
1732.46
781.82
924.90
1250.66
2164.15
1645.06
544.12
1503.98
1435.96
1365.21
1720.21
1490.96
1395.03
1682.98
1791.69
966.26
1479.01
1261.41
1921.09
1447.25
1384.78
1729.08
2098.07
1372.83
1686.98
1849.58
1810.37
1494.23
1109.32
1502.02
1421.07
737.28
1485.69
781.82
1770.91
1899.69
1847.84
2000.42
1360.76
1377.35
2063.98
1800.86
1395.03
1485.69
779.66
1468.01
956.61
1699.90
1192.88
1477.12
1354.00
966.87
703.45
1220.35
1468.19
609.73
1467.52
1862.13
1696.72
1872.44
802.95
1705.27
2024.20
1400.57
813.95
2080.00
669.85
1030.13
1085.40
572.73
1458.63
831.96
1872.44
1847.08
1171.68
322.00
2072.18
695.66
1455.37
1134.47
1372.31
1284.51
676.38
1815.02
1918.89
1435.34
175.53
780.15
1686.98
1777.72
847.33
2072.18
290.36
1203.93
1600.42
1394.55
1833.24
1883.21
1302.97
1780.58
1666.52
1483.33
1916.37
1468.01
869.00
1815.02
1077.12
1755.18
805.12
1501.10
1364.54
1372.83
1510.91
1842.24
831.96
570.71
1623.81
1633.26
1776.62
1988.56
1269.10
1642.15
1045.96
1377.35
2015.18
935.38
1368.94
1587.80
546.04
570.71
1220.35
1665.23
1030.41
1152.99
1438.52
779.08
1092.94
1789.85
1314.30
1944.89
1682.62
1593.12
1370.31
1649.42
828.16
1395.65
1387.17
1237.71
1461.33
1336.74
990.84
1416.33
1399.39
1309.85
1705.27
897.78
1466.31
799.12
1192.88
1295.34
1366.61
1309.85
2032.23
718.30
2073.13
874.99
731.28
949.34
1831.92
1664.83
1050.05
1413.52
1324.64
1031.34
813.95
1662.92
1171.54
1518.93
1438.52
1344.71
1116.80
1317.33
1249.66
1353.87
1251.14
1149.07
1950.30
1387.43
1878.06
1897.37
1633.26
1871.27
1846.41
1029.87
1522.45
802.95
1394.55
1222.60
1372.83
793.58
2014.72
1288.31
1410.58
850.57
2000.42
978.13
158.35
990.84
835.08
1722.49
1827.18
1970.01
1809.83
1451.85
1535.30
2119.83
1516.68
636.51
1171.68
544.12
686.23
1931.21
1045.96
779.68
1542.40
1510.91
1634.13
1456.34
1612.43
799.12
1897.37
1568.41
1659.50
1705.24
1549.54
1120.22
628.40
1090.35
869.00
1755.18
1562.23
1587.21
1612.43
1116.62
1635.50
1510.91
693.36
1483.06
1827.44
1483.33
1567.43
1587.21
2132.85
1666.52
431.17
905.79
616.27
1847.84
1435.96
788.53
1587.21
1523.26
1525.26
1438.41
1097.95
648.53
1192.88
683.10
1837.25
1395.03
969.85
1560.78
726.14
1494.81
1797.14
535.67
1778.65
1634.04
1447.39
1788.75
1502.02
1476.48
543.56
1353.87
1120.10
464.68
609.73
1661.61
703.45
1410.58
1109.32
1632.42
1269.10
1558.09
1545.67
1302.97
1666.52
1180.63
1447.95
978.13
1557.94
1295.34
543.18
1960.67
1336.74
1701.23
1807.33
1862.45
1749.31
636.51
1273.45
1183.16
857.42
1705.27
1575.87
225.12
1384.78
901.36
879.65
1443.02
1267.98
956.61
1695.08
1485.59
640.56
788.62
1623.81
1447.39
962.14
1395.03
788.62
1980.99
1682.62
1528.91
992.40
1739.18
905.79
2132.85
1416.98
1607.34
1547.50
2279.82
1483.77
1673.70
1968.40
2132.85
1899.69
1432.79
1558.09
648.53
1953.03
683.10
1720.21
852.02
1577.01
1120.22
1045.96
1785.47
1250.66
1894.85
1997.52
601.81
1394.55
1510.91
1406.95
1238.04
1235.69
1608.55
2072.18
779.68
2050.62
1198.24
1633.26
1361.30
1889.90
1395.03
1435.34
1545.67
1832.34
1395.03
639.73
1763.16
1788.75
2090.54
1235.69
1587.80
426.22
499.26
361.66
1916.37
1815.02
